10
1
1
        0.1000000000
   0.18845
  -0.00714
   0.23712
   1.00731
   0.00000
   0.00000
   0.00000
   0.00000
   0.00000
   0.00000
   0.04863
   0.91960
   0.04084
   0.03793
   0.00000
   0.00000
   0.00000
   0.00000
   0.00000
   0.00000
   0.00000
   0.00000
   0.00000
   1.00000
   0.00000
   0.00000
   0.00000
   0.00000
   0.00000
   0.00000
   0.00000
   0.00000
   0.00000
   0.00000
   1.00000
   0.00000
   0.00000
   0.00000
   0.00000
   0.00000
   0.00000
   0.00000
   0.00000
   0.00000
   0.00000
   1.00000
   0.00000
   0.00000
   0.00000
   0.00000
   0.00000
   0.00000
   0.00000
   0.00000
   0.00000
   0.00000
   1.00000
   0.00000
   0.00000
   0.00000
   0.00000
   0.00000
   0.00000
   0.00000
   0.00000
   0.00000
   0.00000
   1.00000
   0.00000
   0.00000
   0.00000
   0.00000
   0.00000
   0.00000
   0.00000
   0.00000
   0.00000
   0.00000
   1.00000
   0.00000
   0.00000
   0.00000
   0.00000
   0.00000
   0.00000
   0.00000
   0.00000
   0.00000
   0.00000
   1.00000
  -0.05566
  -0.92892
  -0.05114
  -0.14246
  -0.14253
  -0.14290
  -0.14487
  -0.15532
  -0.21078
  -0.50507
   0.00714
   0.08040
   0.00000
   0.00000
   0.00000
   0.00000
   0.00000
   0.00000
   0.00000
   0.00000
  -0.05566
  -0.92892
  -0.05114
  -0.14246
  -0.14253
  -0.14290
  -0.14487
  -0.15532
  -0.21078
  -0.50507
   0.00000
