10
1
1
        0.1000000000
   0.30286
  -3.34641
   0.00000
 198.82132
  12.37871
   5.08596
   0.00000
   0.00000
   0.00000
   0.00000
   0.06332
   0.80183
   0.00000
 -32.95254
   0.98194
   0.05229
   0.00000
   0.00000
   0.00000
   0.00000
   0.00375
   0.09286
   1.00000
 -14.10962
   0.03689
   0.00035
   0.00000
   0.00000
   0.00000
   0.00000
   0.00014
   0.00481
   0.10000
  -1.12939
   0.00097
   0.00000
   0.00000
   0.00000
   0.00000
   0.00000
   0.00000
   0.00000
   0.00000
   0.00000
   0.00000
   1.00000
   0.00000
   0.00000
   0.00000
   0.00000
   0.00000
   0.00000
   0.00000
   0.00000
   0.00000
   0.00000
   1.00000
   0.00000
   0.00000
   0.00000
   0.00000
   0.00000
   0.00000
   0.00000
   0.00000
   0.00000
   0.00000
   1.00000
   0.00000
   0.00000
   0.00000
   0.00000
   0.00000
   0.00000
   0.00000
   0.00000
   0.00000
   0.00000
   1.00000
   0.00000
   0.00000
   0.00000
   0.00000
   0.00000
   0.00000
   0.00000
   0.00000
   0.00000
   0.00000
   1.00000
  -0.04846
  -0.44635
  -3.05138
  -2.53958
  -1.01254
  -1.11274
  -0.98083
  -0.93372
  -1.00735
  -1.18780
-198.82132
  32.95254
  14.10962
   2.12939
   0.00000
   0.00000
   0.00000
   0.00000
   0.00000
   0.00000
  -0.04846
  -0.44635
  -3.05138
  -2.53958
  -1.01254
  -1.11274
  -0.98083
  -0.93372
  -1.00735
  -1.18780
   0.00000
