7
1
1
        0.0500000000
   0.82062
  -0.00187
   0.09376
   0.04062
   0.00000
   0.00000
   0.00000
   0.04537
   0.98490
   0.00318
   0.00029
   0.00000
   0.00000
   0.00000
   0.00000
   0.00000
   0.00000
   1.00000
   0.00000
   0.00000
   0.00000
   0.00000
   0.00000
   0.00000
   0.00000
   1.00000
   0.00000
   0.00000
   0.00000
   0.00000
   0.00000
   0.00000
   0.00000
   1.00000
   0.00000
   0.00000
   0.00000
   0.00000
   0.00000
   0.00000
   0.00000
   1.00000
  -2.91670
  -6.00146
  -0.32122
  -0.48879
  -0.54650
  -0.61683
  -0.70253
   0.00187
   0.01510
   0.00000
   0.00000
   0.00000
   0.00000
   0.00000
  -2.91670
  -6.00146
  -0.32122
  -0.48879
  -0.54650
  -0.61683
  -0.70253
   0.00000
