7
1
1
        0.2000000000
   0.19224
   0.00000
  -0.00458
   1.77675
   1.83612
   0.00000
   0.00000
   0.09797
   1.00000
  -0.26022
   0.39235
   0.06401
   0.00000
   0.00000
   0.01237
   0.20000
   0.65242
   0.03268
   0.00143
   0.00000
   0.00000
   0.00000
   0.00000
   0.00000
   0.00000
   1.00000
   0.00000
   0.00000
   0.00000
   0.00000
   0.00000
   0.00000
   0.00000
   1.00000
   0.00000
   0.00000
   0.00000
   0.00000
   0.00000
   0.00000
   0.00000
   1.00000
  -0.17219
  -1.51695
  -0.82923
  -0.83039
  -1.11516
  -1.06406
  -1.42157
   0.00458
   0.26022
   0.34758
   0.00000
   0.00000
   0.00000
   0.00000
  -0.17219
  -1.51695
  -0.82923
  -0.83039
  -1.11516
  -1.06406
  -1.42157
   0.00000
